0	279	4	1.0
0	423	4	1.0
0	426	4	1.0
1	86	4	1.0
1	134	4	1.0
1	408	4	1.0
2	453	4	1.0
2	712	4	1.0
2	909	4	1.0
3	31	4	1.0
3	252	4	1.0
3	813	4	1.0
4	30	4	1.0
4	47	4	1.0
4	115	4	1.0
5	299	4	1.0
5	708	4	1.0
5	813	4	1.0
6	318	4	1.0
6	366	4	1.0
6	469	4	1.0
7	18	4	1.0
7	299	4	1.0
7	708	4	1.0
8	37	4	1.0
8	76	4	1.0
8	804	4	1.0
9	309	4	1.0
9	313	4	1.0
9	408	4	1.0
10	45	4	1.0
10	272	4	1.0
10	323	4	1.0
11	271	4	1.0
11	443	4	1.0
11	476	4	1.0
12	139	4	1.0
12	239	4	1.0
12	355	4	1.0
13	227	4	1.0
13	232	4	1.0
13	325	4	1.0
14	128	4	1.0
14	228	4	1.0
14	646	4	1.0
15	357	4	1.0
15	536	4	1.0
15	850	4	1.0
16	223	4	1.0
16	800	4	1.0
16	810	4	1.0
17	39	4	1.0
17	193	4	1.0
17	460	4	1.0
18	299	4	1.0
18	566	4	1.0
18	825	4	1.0
19	51	4	1.0
19	101	4	1.0
19	357	4	1.0
20	132	4	1.0
20	141	4	1.0
20	191	4	1.0
21	92	4	1.0
21	140	4	1.0
21	850	4	1.0
22	32	4	1.0
22	48	4	1.0
22	928	4	1.0
23	8	4	1.0
23	295	4	1.0
23	348	4	1.0
24	81	4	1.0
24	104	4	1.0
24	349	4	1.0
25	402	4	1.0
25	409	4	1.0
25	514	4	1.0
26	278	4	1.0
26	464	4	1.0
26	811	4	1.0
27	105	4	1.0
27	244	4	1.0
27	438	4	1.0
28	12	4	1.0
28	114	4	1.0
28	355	4	1.0
29	165	4	1.0
29	348	4	1.0
29	405	4	1.0
30	92	4	1.0
30	115	4	1.0
30	867	4	1.0
31	38	4	1.0
31	252	4	1.0
31	478	4	1.0
32	297	4	1.0
32	379	4	1.0
32	464	4	1.0
33	110	4	1.0
33	298	4	1.0
33	367	4	1.0
34	335	4	1.0
34	368	4	1.0
34	389	4	1.0
35	5	4	1.0
35	94	4	1.0
35	478	4	1.0
36	523	4	1.0
36	804	4	1.0
36	850	4	1.0
37	51	4	1.0
37	76	4	1.0
37	850	4	1.0
38	18	4	1.0
38	31	4	1.0
38	252	4	1.0
39	17	4	1.0
39	166	4	1.0
39	460	4	1.0
40	8	4	1.0
40	126	4	1.0
40	536	4	1.0
41	39	4	1.0
41	166	4	1.0
41	359	4	1.0
42	230	4	1.0
42	358	4	1.0
42	457	4	1.0
43	309	4	1.0
43	643	4	1.0
43	810	4	1.0
44	90	4	1.0
44	290	4	1.0
44	476	4	1.0
45	260	4	1.0
45	272	4	1.0
45	323	4	1.0
46	119	4	1.0
46	137	4	1.0
46	491	4	1.0
47	232	4	1.0
47	308	4	1.0
47	325	4	1.0
48	5	4	1.0
48	252	4	1.0
48	440	4	1.0
49	41	4	1.0
49	142	4	1.0
49	146	4	1.0
50	376	4	1.0
50	712	4	1.0
50	815	4	1.0
51	148	4	1.0
51	235	4	1.0
51	819	4	1.0
52	69	4	1.0
52	262	4	1.0
52	488	4	1.0
53	71	4	1.0
53	161	4	1.0
53	265	4	1.0
54	37	4	1.0
54	292	4	1.0
54	850	4	1.0
55	92	4	1.0
55	357	4	1.0
55	850	4	1.0
56	5	4	1.0
56	270	4	1.0
56	299	4	1.0
57	363	4	1.0
57	616	4	1.0
57	836	4	1.0
58	8	4	1.0
58	37	4	1.0
58	468	4	1.0
59	376	4	1.0
59	453	4	1.0
59	909	4	1.0
60	10	4	1.0
60	272	4	1.0
60	323	4	1.0
61	311	4	1.0
61	326	4	1.0
61	457	4	1.0
62	191	4	1.0
62	369	4	1.0
62	468	4	1.0
63	17	4	1.0
63	142	4	1.0
63	460	4	1.0
64	196	4	1.0
64	371	4	1.0
64	383	4	1.0
65	37	4	1.0
65	76	4	1.0
65	536	4	1.0
66	109	4	1.0
66	354	4	1.0
66	491	4	1.0
67	271	4	1.0
67	290	4	1.0
67	294	4	1.0
68	90	4	1.0
68	271	4	1.0
68	476	4	1.0
69	52	4	1.0
69	262	4	1.0
69	420	4	1.0
70	5	4	1.0
70	299	4	1.0
70	813	4	1.0
71	53	4	1.0
71	161	4	1.0
71	265	4	1.0
72	156	4	1.0
72	492	4	1.0
72	705	4	1.0
73	39	4	1.0
73	166	4	1.0
73	287	4	1.0
74	176	4	1.0
74	265	4	1.0
74	350	4	1.0
75	625	4	1.0
75	763	4	1.0
75	933	4	1.0
76	8	4	1.0
76	37	4	1.0
76	523	4	1.0
77	186	4	1.0
77	666	4	1.0
77	710	4	1.0
78	11	4	1.0
78	145	4	1.0
78	227	4	1.0
79	375	4	1.0
79	414	4	1.0
79	709	4	1.0
80	11	4	1.0
80	271	4	1.0
80	476	4	1.0
81	18	4	1.0
81	152	4	1.0
81	951	4	1.0
82	138	4	1.0
82	384	4	1.0
82	394	4	1.0
83	388	4	1.0
83	431	4	1.0
83	476	4	1.0
84	51	4	1.0
84	92	4	1.0
84	148	4	1.0
85	147	4	1.0
85	169	4	1.0
85	301	4	1.0
86	134	4	1.0
86	408	4	1.0
86	486	4	1.0
87	29	4	1.0
87	121	4	1.0
87	160	4	1.0
88	254	4	1.0
88	288	4	1.0
88	387	4	1.0
89	5	4	1.0
89	56	4	1.0
89	483	4	1.0
90	271	4	1.0
90	388	4	1.0
90	476	4	1.0
91	124	4	1.0
91	504	4	1.0
91	606	4	1.0
92	242	4	1.0
92	517	4	1.0
92	850	4	1.0
93	774	4	1.0
93	874	4	1.0
93	915	4	1.0
94	5	4	1.0
94	56	4	1.0
94	813	4	1.0
95	271	4	1.0
95	290	4	1.0
95	443	4	1.0
96	111	4	1.0
96	202	4	1.0
96	342	4	1.0
97	231	4	1.0
97	288	4	1.0
97	481	4	1.0
98	133	4	1.0
98	354	4	1.0
98	491	4	1.0
99	273	4	1.0
99	288	4	1.0
99	481	4	1.0
100	289	4	1.0
100	315	4	1.0
100	369	4	1.0
101	19	4	1.0
101	231	4	1.0
101	473	4	1.0
102	402	4	1.0
102	552	4	1.0
102	803	4	1.0
103	265	4	1.0
103	350	4	1.0
103	353	4	1.0
104	81	4	1.0
104	453	4	1.0
104	909	4	1.0
105	298	4	1.0
105	387	4	1.0
105	460	4	1.0
106	425	4	1.0
106	523	4	1.0
106	863	4	1.0
107	84	4	1.0
107	804	4	1.0
107	930	4	1.0
108	74	4	1.0
108	337	4	1.0
108	485	4	1.0
109	194	4	1.0
109	280	4	1.0
109	371	4	1.0
110	384	4	1.0
110	387	4	1.0
110	405	4	1.0
111	181	4	1.0
111	465	4	1.0
111	862	4	1.0
112	331	4	1.0
112	413	4	1.0
112	464	4	1.0
113	426	4	1.0
113	434	4	1.0
113	443	4	1.0
114	28	4	1.0
114	260	4	1.0
114	381	4	1.0
115	786	4	1.0
115	801	4	1.0
115	952	4	1.0
116	92	4	1.0
116	231	4	1.0
116	242	4	1.0
117	12	4	1.0
117	139	4	1.0
117	223	4	1.0
118	190	4	1.0
118	439	4	1.0
118	671	4	1.0
119	12	4	1.0
119	289	4	1.0
119	369	4	1.0
120	772	4	1.0
120	774	4	1.0
120	874	4	1.0
121	29	4	1.0
121	87	4	1.0
121	289	4	1.0
122	229	4	1.0
122	249	4	1.0
122	382	4	1.0
123	233	4	1.0
123	303	4	1.0
123	708	4	1.0
124	8	4	1.0
124	91	4	1.0
124	277	4	1.0
125	212	4	1.0
125	433	4	1.0
125	857	4	1.0
126	98	4	1.0
126	146	4	1.0
126	372	4	1.0
127	247	4	1.0
127	813	4	1.0
127	961	4	1.0
128	1	4	1.0
128	45	4	1.0
128	260	4	1.0
129	85	4	1.0
129	341	4	1.0
129	921	4	1.0
130	480	4	1.0
130	494	4	1.0
130	967	4	1.0
131	285	4	1.0
131	395	4	1.0
131	622	4	1.0
132	20	4	1.0
132	167	4	1.0
132	218	4	1.0
133	98	4	1.0
133	354	4	1.0
133	491	4	1.0
134	86	4	1.0
134	408	4	1.0
134	486	4	1.0
135	532	4	1.0
135	533	4	1.0
135	860	4	1.0
136	258	4	1.0
136	380	4	1.0
136	432	4	1.0
137	348	4	1.0
137	467	4	1.0
137	471	4	1.0
138	82	4	1.0
138	277	4	1.0
138	394	4	1.0
139	12	4	1.0
139	355	4	1.0
139	424	4	1.0
140	21	4	1.0
140	92	4	1.0
140	148	4	1.0
141	167	4	1.0
141	230	4	1.0
141	392	4	1.0
142	17	4	1.0
142	39	4	1.0
142	143	4	1.0
143	136	4	1.0
143	142	4	1.0
143	523	4	1.0
144	138	4	1.0
144	394	4	1.0
144	983	4	1.0
145	271	4	1.0
145	290	4	1.0
145	443	4	1.0
146	49	4	1.0
146	126	4	1.0
146	199	4	1.0
147	335	4	1.0
147	389	4	1.0
147	558	4	1.0
148	51	4	1.0
148	235	4	1.0
148	326	4	1.0
149	216	4	1.0
149	260	4	1.0
149	381	4	1.0
150	782	4	1.0
150	813	4	1.0
150	894	4	1.0
151	20	4	1.0
151	141	4	1.0
151	218	4	1.0
152	18	4	1.0
152	329	4	1.0
152	566	4	1.0
153	258	4	1.0
153	380	4	1.0
153	469	4	1.0
154	511	4	1.0
154	772	4	1.0
154	874	4	1.0
155	56	4	1.0
155	174	4	1.0
155	299	4	1.0
156	225	4	1.0
156	772	4	1.0
156	874	4	1.0
157	376	4	1.0
157	453	4	1.0
157	909	4	1.0
158	772	4	1.0
158	774	4	1.0
158	913	4	1.0
159	52	4	1.0
159	262	4	1.0
159	280	4	1.0
160	29	4	1.0
160	87	4	1.0
160	121	4	1.0
161	53	4	1.0
161	71	4	1.0
161	265	4	1.0
162	318	4	1.0
162	444	4	1.0
162	446	4	1.0
163	83	4	1.0
163	388	4	1.0
163	431	4	1.0
164	245	4	1.0
164	250	4	1.0
164	525	4	1.0
165	256	4	1.0
165	284	4	1.0
165	457	4	1.0
166	39	4	1.0
166	235	4	1.0
166	813	4	1.0
167	253	4	1.0
167	392	4	1.0
167	396	4	1.0
168	51	4	1.0
168	235	4	1.0
168	850	4	1.0
169	34	4	1.0
169	365	4	1.0
169	442	4	1.0
170	605	4	1.0
170	813	4	1.0
170	961	4	1.0
171	707	4	1.0
171	749	4	1.0
171	838	4	1.0
172	256	4	1.0
172	321	4	1.0
172	460	4	1.0
173	79	4	1.0
173	119	4	1.0
173	435	4	1.0
174	56	4	1.0
174	299	4	1.0
174	483	4	1.0
175	153	4	1.0
175	380	4	1.0
175	432	4	1.0
176	74	4	1.0
176	265	4	1.0
176	350	4	1.0
177	18	4	1.0
177	201	4	1.0
177	478	4	1.0
178	5	4	1.0
178	112	4	1.0
178	331	4	1.0
179	51	4	1.0
179	611	4	1.0
179	850	4	1.0
180	380	4	1.0
180	596	4	1.0
180	838	4	1.0
181	111	4	1.0
181	362	4	1.0
181	421	4	1.0
182	176	4	1.0
182	265	4	1.0
182	350	4	1.0
183	772	4	1.0
183	774	4	1.0
183	874	4	1.0
184	437	4	1.0
184	447	4	1.0
184	720	4	1.0
185	25	4	1.0
185	192	4	1.0
185	411	4	1.0
186	77	4	1.0
186	252	4	1.0
186	900	4	1.0
187	351	4	1.0
187	453	4	1.0
187	909	4	1.0
188	21	4	1.0
188	326	4	1.0
188	740	4	1.0
189	397	4	1.0
189	425	4	1.0
189	867	4	1.0
190	118	4	1.0
190	439	4	1.0
190	671	4	1.0
191	20	4	1.0
191	62	4	1.0
191	482	4	1.0
192	25	4	1.0
192	142	4	1.0
192	185	4	1.0
193	326	4	1.0
193	611	4	1.0
193	867	4	1.0
194	98	4	1.0
194	301	4	1.0
194	465	4	1.0
195	99	4	1.0
195	273	4	1.0
195	464	4	1.0
196	371	4	1.0
196	496	4	1.0
196	499	4	1.0
197	218	4	1.0
197	254	4	1.0
197	392	4	1.0
198	176	4	1.0
198	350	4	1.0
198	485	4	1.0
199	98	4	1.0
199	146	4	1.0
199	213	4	1.0
200	91	4	1.0
200	158	4	1.0
200	345	4	1.0
201	177	4	1.0
201	386	4	1.0
201	478	4	1.0
202	342	4	1.0
202	369	4	1.0
202	491	4	1.0
203	77	4	1.0
203	177	4	1.0
203	608	4	1.0
204	605	4	1.0
204	666	4	1.0
204	710	4	1.0
205	91	4	1.0
205	442	4	1.0
205	786	4	1.0
206	176	4	1.0
206	350	4	1.0
206	485	4	1.0
207	18	4	1.0
207	38	4	1.0
207	252	4	1.0
208	8	4	1.0
208	277	4	1.0
208	804	4	1.0
209	352	4	1.0
209	490	4	1.0
209	900	4	1.0
210	368	4	1.0
210	516	4	1.0
210	874	4	1.0
211	76	4	1.0
211	320	4	1.0
211	326	4	1.0
212	792	4	1.0
212	857	4	1.0
212	926	4	1.0
213	98	4	1.0
213	372	4	1.0
213	499	4	1.0
214	28	4	1.0
214	355	4	1.0
214	424	4	1.0
215	176	4	1.0
215	265	4	1.0
215	350	4	1.0
216	45	4	1.0
216	260	4	1.0
216	381	4	1.0
217	72	4	1.0
217	469	4	1.0
217	492	4	1.0
218	197	4	1.0
218	358	4	1.0
218	392	4	1.0
219	83	4	1.0
219	340	4	1.0
219	656	4	1.0
220	246	4	1.0
220	280	4	1.0
220	477	4	1.0
221	43	4	1.0
221	274	4	1.0
221	407	4	1.0
222	100	4	1.0
222	257	4	1.0
222	315	4	1.0
223	16	4	1.0
223	285	4	1.0
223	807	4	1.0
224	166	4	1.0
224	428	4	1.0
224	457	4	1.0
225	156	4	1.0
225	772	4	1.0
225	874	4	1.0
226	745	4	1.0
226	772	4	1.0
226	874	4	1.0
227	271	4	1.0
227	443	4	1.0
227	476	4	1.0
228	259	4	1.0
228	347	4	1.0
228	391	4	1.0
229	54	4	1.0
229	523	4	1.0
229	983	4	1.0
230	166	4	1.0
230	254	4	1.0
230	392	4	1.0
231	97	4	1.0
231	288	4	1.0
231	481	4	1.0
232	13	4	1.0
232	308	4	1.0
232	325	4	1.0
233	56	4	1.0
233	299	4	1.0
233	786	4	1.0
234	271	4	1.0
234	388	4	1.0
234	443	4	1.0
235	51	4	1.0
235	148	4	1.0
235	166	4	1.0
236	290	4	1.0
236	443	4	1.0
236	476	4	1.0
237	30	4	1.0
237	351	4	1.0
237	723	4	1.0
238	56	4	1.0
238	270	4	1.0
238	456	4	1.0
239	12	4	1.0
239	114	4	1.0
239	355	4	1.0
240	11	4	1.0
240	330	4	1.0
240	434	4	1.0
241	123	4	1.0
241	324	4	1.0
241	351	4	1.0
242	97	4	1.0
242	231	4	1.0
242	288	4	1.0
243	274	4	1.0
243	391	4	1.0
243	393	4	1.0
244	27	4	1.0
244	242	4	1.0
244	321	4	1.0
245	288	4	1.0
245	345	4	1.0
245	400	4	1.0
246	159	4	1.0
246	220	4	1.0
246	345	4	1.0
247	127	4	1.0
247	405	4	1.0
247	804	4	1.0
248	299	4	1.0
248	454	4	1.0
248	478	4	1.0
249	157	4	1.0
249	255	4	1.0
249	382	4	1.0
250	164	4	1.0
250	245	4	1.0
250	525	4	1.0
251	149	4	1.0
251	274	4	1.0
251	381	4	1.0
252	5	4	1.0
252	31	4	1.0
252	38	4	1.0
253	167	4	1.0
253	392	4	1.0
253	396	4	1.0
254	166	4	1.0
254	197	4	1.0
254	253	4	1.0
255	157	4	1.0
255	453	4	1.0
255	572	4	1.0
256	165	4	1.0
256	311	4	1.0
256	457	4	1.0
257	100	4	1.0
257	315	4	1.0
257	369	4	1.0
258	153	4	1.0
258	569	4	1.0
258	774	4	1.0
259	114	4	1.0
259	228	4	1.0
259	260	4	1.0
260	45	4	1.0
260	259	4	1.0
260	451	4	1.0
261	97	4	1.0
261	208	4	1.0
261	372	4	1.0
262	52	4	1.0
262	159	4	1.0
262	463	4	1.0
263	8	4	1.0
263	208	4	1.0
263	743	4	1.0
264	176	4	1.0
264	265	4	1.0
264	353	4	1.0
265	176	4	1.0
265	286	4	1.0
265	350	4	1.0
266	658	4	1.0
266	732	4	1.0
266	829	4	1.0
267	8	4	1.0
267	517	4	1.0
267	897	4	1.0
268	86	4	1.0
268	371	4	1.0
268	595	4	1.0
269	334	4	1.0
269	373	4	1.0
269	982	4	1.0
270	56	4	1.0
270	299	4	1.0
270	339	4	1.0
271	290	4	1.0
271	388	4	1.0
271	443	4	1.0
272	10	4	1.0
272	45	4	1.0
272	323	4	1.0
273	99	4	1.0
273	288	4	1.0
273	481	4	1.0
274	149	4	1.0
274	251	4	1.0
274	381	4	1.0
275	299	4	1.0
275	329	4	1.0
275	436	4	1.0
276	53	4	1.0
276	265	4	1.0
276	485	4	1.0
277	97	4	1.0
277	231	4	1.0
277	242	4	1.0
278	297	4	1.0
278	379	4	1.0
278	464	4	1.0
279	11	4	1.0
279	83	4	1.0
279	388	4	1.0
280	159	4	1.0
280	196	4	1.0
280	499	4	1.0
281	144	4	1.0
281	394	4	1.0
281	503	4	1.0
282	321	4	1.0
282	384	4	1.0
282	460	4	1.0
283	112	4	1.0
283	331	4	1.0
283	413	4	1.0
284	153	4	1.0
284	317	4	1.0
284	380	4	1.0
285	223	4	1.0
285	300	4	1.0
285	316	4	1.0
286	176	4	1.0
286	265	4	1.0
286	350	4	1.0
287	39	4	1.0
287	166	4	1.0
287	359	4	1.0
288	99	4	1.0
288	273	4	1.0
288	481	4	1.0
289	100	4	1.0
289	119	4	1.0
289	369	4	1.0
290	271	4	1.0
290	388	4	1.0
290	443	4	1.0
291	299	4	1.0
291	310	4	1.0
291	483	4	1.0
292	54	4	1.0
292	445	4	1.0
292	850	4	1.0
293	90	4	1.0
293	279	4	1.0
293	431	4	1.0
294	271	4	1.0
294	290	4	1.0
294	443	4	1.0
295	545	4	1.0
295	662	4	1.0
295	985	4	1.0
296	91	4	1.0
296	210	4	1.0
296	380	4	1.0
297	278	4	1.0
297	299	4	1.0
297	379	4	1.0
298	105	4	1.0
298	387	4	1.0
298	405	4	1.0
299	56	4	1.0
299	483	4	1.0
299	813	4	1.0
300	16	4	1.0
300	243	4	1.0
300	285	4	1.0
301	194	4	1.0
301	341	4	1.0
301	494	4	1.0
302	64	4	1.0
302	160	4	1.0
302	383	4	1.0
303	18	4	1.0
303	299	4	1.0
303	486	4	1.0
304	389	4	1.0
304	442	4	1.0
304	558	4	1.0
305	235	4	1.0
305	326	4	1.0
305	468	4	1.0
306	247	4	1.0
306	387	4	1.0
306	405	4	1.0
307	270	4	1.0
307	422	4	1.0
307	464	4	1.0
308	13	4	1.0
308	47	4	1.0
308	325	4	1.0
309	152	4	1.0
309	338	4	1.0
309	347	4	1.0
310	56	4	1.0
310	299	4	1.0
310	483	4	1.0
311	61	4	1.0
311	284	4	1.0
311	326	4	1.0
312	101	4	1.0
312	473	4	1.0
312	927	4	1.0
313	386	4	1.0
313	454	4	1.0
313	478	4	1.0
314	93	4	1.0
314	448	4	1.0
314	606	4	1.0
315	100	4	1.0
315	257	4	1.0
315	369	4	1.0
316	223	4	1.0
316	260	4	1.0
316	285	4	1.0
317	284	4	1.0
317	380	4	1.0
317	458	4	1.0
318	6	4	1.0
318	162	4	1.0
318	444	4	1.0
319	516	4	1.0
319	770	4	1.0
319	917	4	1.0
320	326	4	1.0
320	889	4	1.0
320	995	4	1.0
321	17	4	1.0
321	39	4	1.0
321	242	4	1.0
322	100	4	1.0
322	119	4	1.0
322	369	4	1.0
323	10	4	1.0
323	45	4	1.0
323	272	4	1.0
324	3	4	1.0
324	318	4	1.0
324	446	4	1.0
325	13	4	1.0
325	232	4	1.0
325	308	4	1.0
326	51	4	1.0
326	320	4	1.0
326	850	4	1.0
327	116	4	1.0
327	140	4	1.0
327	445	4	1.0
328	53	4	1.0
328	265	4	1.0
328	350	4	1.0
329	5	4	1.0
329	56	4	1.0
329	708	4	1.0
330	11	4	1.0
330	240	4	1.0
330	434	4	1.0
331	112	4	1.0
331	299	4	1.0
331	464	4	1.0
332	51	4	1.0
332	320	4	1.0
332	441	4	1.0
333	8	4	1.0
333	19	4	1.0
333	730	4	1.0
334	527	4	1.0
334	642	4	1.0
334	892	4	1.0
335	772	4	1.0
335	874	4	1.0
335	913	4	1.0
336	83	4	1.0
336	90	4	1.0
336	290	4	1.0
337	176	4	1.0
337	353	4	1.0
337	485	4	1.0
338	152	4	1.0
338	408	4	1.0
338	825	4	1.0
339	56	4	1.0
339	270	4	1.0
339	299	4	1.0
340	90	4	1.0
340	423	4	1.0
340	431	4	1.0
341	301	4	1.0
341	489	4	1.0
341	494	4	1.0
342	202	4	1.0
342	369	4	1.0
342	491	4	1.0
343	73	4	1.0
343	166	4	1.0
343	394	4	1.0
344	18	4	1.0
344	299	4	1.0
344	436	4	1.0
345	213	4	1.0
345	372	4	1.0
345	499	4	1.0
346	176	4	1.0
346	265	4	1.0
346	350	4	1.0
347	152	4	1.0
347	391	4	1.0
347	408	4	1.0
348	8	4	1.0
348	29	4	1.0
348	326	4	1.0
349	24	4	1.0
349	81	4	1.0
349	372	4	1.0
350	176	4	1.0
350	265	4	1.0
350	286	4	1.0
351	187	4	1.0
351	453	4	1.0
351	909	4	1.0
352	13	4	1.0
352	236	4	1.0
352	434	4	1.0
353	286	4	1.0
353	350	4	1.0
353	485	4	1.0
354	98	4	1.0
354	133	4	1.0
354	491	4	1.0
355	12	4	1.0
355	139	4	1.0
355	424	4	1.0
356	343	4	1.0
356	387	4	1.0
356	394	4	1.0
357	15	4	1.0
357	556	4	1.0
357	983	4	1.0
358	218	4	1.0
358	392	4	1.0
358	457	4	1.0
359	39	4	1.0
359	166	4	1.0
359	460	4	1.0
360	39	4	1.0
360	394	4	1.0
360	460	4	1.0
361	545	4	1.0
361	618	4	1.0
361	684	4	1.0
362	181	4	1.0
362	406	4	1.0
362	421	4	1.0
363	57	4	1.0
363	401	4	1.0
363	415	4	1.0
364	244	4	1.0
364	382	4	1.0
364	988	4	1.0
365	34	4	1.0
365	319	4	1.0
365	335	4	1.0
366	6	4	1.0
366	318	4	1.0
366	386	4	1.0
367	33	4	1.0
367	387	4	1.0
367	487	4	1.0
368	562	4	1.0
368	774	4	1.0
368	874	4	1.0
369	100	4	1.0
369	119	4	1.0
369	289	4	1.0
370	148	4	1.0
370	326	4	1.0
370	430	4	1.0
371	79	4	1.0
371	109	4	1.0
371	196	4	1.0
372	146	4	1.0
372	213	4	1.0
372	499	4	1.0
373	74	4	1.0
373	265	4	1.0
373	286	4	1.0
374	36	4	1.0
374	51	4	1.0
374	148	4	1.0
375	414	4	1.0
375	435	4	1.0
375	913	4	1.0
376	157	4	1.0
376	453	4	1.0
376	909	4	1.0
377	103	4	1.0
377	264	4	1.0
377	350	4	1.0
378	603	4	1.0
378	605	4	1.0
378	666	4	1.0
379	278	4	1.0
379	297	4	1.0
379	464	4	1.0
380	136	4	1.0
380	153	4	1.0
380	284	4	1.0
381	45	4	1.0
381	149	4	1.0
381	260	4	1.0
382	157	4	1.0
382	249	4	1.0
382	255	4	1.0
383	8	4	1.0
383	64	4	1.0
383	375	4	1.0
384	17	4	1.0
384	82	4	1.0
384	110	4	1.0
385	53	4	1.0
385	71	4	1.0
385	161	4	1.0
386	201	4	1.0
386	248	4	1.0
386	478	4	1.0
387	51	4	1.0
387	287	4	1.0
387	813	4	1.0
388	271	4	1.0
388	290	4	1.0
388	443	4	1.0
389	516	4	1.0
389	558	4	1.0
389	770	4	1.0
390	511	4	1.0
390	786	4	1.0
390	874	4	1.0
391	152	4	1.0
391	347	4	1.0
391	408	4	1.0
392	197	4	1.0
392	218	4	1.0
392	253	4	1.0
393	1	4	1.0
393	86	4	1.0
393	134	4	1.0
394	82	4	1.0
394	138	4	1.0
394	144	4	1.0
395	408	4	1.0
395	440	4	1.0
395	643	4	1.0
396	167	4	1.0
396	197	4	1.0
396	253	4	1.0
397	39	4	1.0
397	189	4	1.0
397	287	4	1.0
398	291	4	1.0
398	297	4	1.0
398	413	4	1.0
399	357	4	1.0
399	850	4	1.0
399	983	4	1.0
400	245	4	1.0
400	372	4	1.0
400	496	4	1.0
401	363	4	1.0
401	415	4	1.0
401	448	4	1.0
402	552	4	1.0
402	553	4	1.0
402	803	4	1.0
403	420	4	1.0
403	471	4	1.0
403	714	4	1.0
404	146	4	1.0
404	213	4	1.0
404	372	4	1.0
405	29	4	1.0
405	110	4	1.0
405	247	4	1.0
406	114	4	1.0
406	362	4	1.0
406	421	4	1.0
407	12	4	1.0
407	139	4	1.0
407	355	4	1.0
408	86	4	1.0
408	134	4	1.0
408	486	4	1.0
409	402	4	1.0
409	553	4	1.0
409	803	4	1.0
410	61	4	1.0
410	284	4	1.0
410	311	4	1.0
411	693	4	1.0
411	732	4	1.0
411	829	4	1.0
412	772	4	1.0
412	774	4	1.0
412	874	4	1.0
413	112	4	1.0
413	299	4	1.0
413	708	4	1.0
414	79	4	1.0
414	375	4	1.0
414	750	4	1.0
415	772	4	1.0
415	774	4	1.0
415	874	4	1.0
416	94	4	1.0
416	174	4	1.0
416	464	4	1.0
417	199	4	1.0
417	301	4	1.0
417	372	4	1.0
418	8	4	1.0
418	635	4	1.0
418	779	4	1.0
419	97	4	1.0
419	231	4	1.0
419	277	4	1.0
420	8	4	1.0
420	69	4	1.0
420	403	4	1.0
421	362	4	1.0
421	406	4	1.0
421	424	4	1.0
422	56	4	1.0
422	112	4	1.0
422	307	4	1.0
423	271	4	1.0
423	434	4	1.0
423	443	4	1.0
424	12	4	1.0
424	139	4	1.0
424	355	4	1.0
425	189	4	1.0
425	523	4	1.0
425	863	4	1.0
426	271	4	1.0
426	388	4	1.0
426	434	4	1.0
427	139	4	1.0
427	355	4	1.0
427	424	4	1.0
428	39	4	1.0
428	166	4	1.0
428	359	4	1.0
429	25	4	1.0
429	281	4	1.0
429	503	4	1.0
430	180	4	1.0
430	370	4	1.0
430	562	4	1.0
431	83	4	1.0
431	388	4	1.0
431	476	4	1.0
432	136	4	1.0
432	153	4	1.0
432	380	4	1.0
433	212	4	1.0
433	553	4	1.0
433	857	4	1.0
434	271	4	1.0
434	388	4	1.0
434	443	4	1.0
435	375	4	1.0
435	837	4	1.0
435	913	4	1.0
436	299	4	1.0
436	708	4	1.0
436	813	4	1.0
437	53	4	1.0
437	328	4	1.0
437	447	4	1.0
438	387	4	1.0
438	734	4	1.0
438	981	4	1.0
439	118	4	1.0
439	190	4	1.0
439	874	4	1.0
440	5	4	1.0
440	708	4	1.0
440	900	4	1.0
441	76	4	1.0
441	326	4	1.0
441	428	4	1.0
442	516	4	1.0
442	709	4	1.0
442	770	4	1.0
443	271	4	1.0
443	290	4	1.0
443	388	4	1.0
444	605	4	1.0
444	670	4	1.0
444	813	4	1.0
445	292	4	1.0
445	734	4	1.0
445	850	4	1.0
446	444	4	1.0
446	605	4	1.0
446	607	4	1.0
447	215	4	1.0
447	426	4	1.0
447	437	4	1.0
448	284	4	1.0
448	314	4	1.0
448	380	4	1.0
449	368	4	1.0
449	516	4	1.0
449	558	4	1.0
450	744	4	1.0
450	813	4	1.0
450	961	4	1.0
451	45	4	1.0
451	260	4	1.0
451	381	4	1.0
452	133	4	1.0
452	354	4	1.0
452	491	4	1.0
453	157	4	1.0
453	376	4	1.0
453	909	4	1.0
454	248	4	1.0
454	478	4	1.0
454	708	4	1.0
455	8	4	1.0
455	40	4	1.0
455	523	4	1.0
456	299	4	1.0
456	331	4	1.0
456	483	4	1.0
457	166	4	1.0
457	284	4	1.0
457	358	4	1.0
458	284	4	1.0
458	380	4	1.0
458	774	4	1.0
459	101	4	1.0
459	784	4	1.0
459	850	4	1.0
460	39	4	1.0
460	166	4	1.0
460	359	4	1.0
461	379	4	1.0
461	416	4	1.0
461	708	4	1.0
462	8	4	1.0
462	418	4	1.0
462	635	4	1.0
463	119	4	1.0
463	126	4	1.0
463	262	4	1.0
464	112	4	1.0
464	278	4	1.0
464	299	4	1.0
465	98	4	1.0
465	111	4	1.0
465	194	4	1.0
466	804	4	1.0
466	863	4	1.0
466	992	4	1.0
467	137	4	1.0
467	213	4	1.0
467	348	4	1.0
468	19	4	1.0
468	235	4	1.0
468	305	4	1.0
469	616	4	1.0
469	620	4	1.0
469	786	4	1.0
470	5	4	1.0
470	329	4	1.0
470	708	4	1.0
471	348	4	1.0
471	389	4	1.0
471	403	4	1.0
472	326	4	1.0
472	428	4	1.0
472	517	4	1.0
473	19	4	1.0
473	101	4	1.0
473	326	4	1.0
474	17	4	1.0
474	82	4	1.0
474	472	4	1.0
475	102	4	1.0
475	409	4	1.0
475	923	4	1.0
476	90	4	1.0
476	431	4	1.0
476	443	4	1.0
477	220	4	1.0
477	280	4	1.0
477	372	4	1.0
478	248	4	1.0
478	386	4	1.0
478	454	4	1.0
479	253	4	1.0
479	278	4	1.0
479	444	4	1.0
480	67	4	1.0
480	80	4	1.0
480	271	4	1.0
481	99	4	1.0
481	231	4	1.0
481	288	4	1.0
482	107	4	1.0
482	119	4	1.0
482	191	4	1.0
483	5	4	1.0
483	299	4	1.0
483	310	4	1.0
484	156	4	1.0
484	412	4	1.0
484	764	4	1.0
485	74	4	1.0
485	176	4	1.0
485	353	4	1.0
486	18	4	1.0
486	299	4	1.0
486	408	4	1.0
487	110	4	1.0
487	387	4	1.0
487	450	4	1.0
488	52	4	1.0
488	98	4	1.0
488	348	4	1.0
489	341	4	1.0
489	345	4	1.0
489	494	4	1.0
490	56	4	1.0
490	174	4	1.0
490	299	4	1.0
491	98	4	1.0
491	133	4	1.0
491	354	4	1.0
492	72	4	1.0
492	412	4	1.0
492	772	4	1.0
493	139	4	1.0
493	152	4	1.0
493	355	4	1.0
494	301	4	1.0
494	341	4	1.0
494	489	4	1.0
495	92	4	1.0
495	231	4	1.0
495	517	4	1.0
496	124	4	1.0
496	242	4	1.0
496	277	4	1.0
497	408	4	1.0
497	486	4	1.0
497	810	4	1.0
498	156	4	1.0
498	225	4	1.0
498	874	4	1.0
499	196	4	1.0
499	213	4	1.0
499	345	4	1.0
500	507	4	1.0
500	747	4	1.0
500	832	4	1.0
501	684	4	1.0
501	697	4	1.0
501	947	4	1.0
502	50	4	1.0
502	180	4	1.0
502	786	4	1.0
503	281	4	1.0
503	555	4	1.0
503	656	4	1.0
504	528	4	1.0
504	596	4	1.0
504	917	4	1.0
505	817	4	1.0
505	836	4	1.0
505	860	4	1.0
506	216	4	1.0
506	595	4	1.0
506	873	4	1.0
507	299	4	1.0
507	747	4	1.0
507	832	4	1.0
508	790	4	1.0
508	795	4	1.0
508	851	4	1.0
509	299	4	1.0
509	594	4	1.0
509	914	4	1.0
510	692	4	1.0
510	759	4	1.0
510	966	4	1.0
511	772	4	1.0
511	774	4	1.0
511	874	4	1.0
512	615	4	1.0
512	691	4	1.0
512	918	4	1.0
513	527	4	1.0
513	761	4	1.0
513	986	4	1.0
514	402	4	1.0
514	553	4	1.0
514	803	4	1.0
515	750	4	1.0
515	770	4	1.0
515	913	4	1.0
516	545	4	1.0
516	558	4	1.0
516	672	4	1.0
517	596	4	1.0
517	850	4	1.0
517	985	4	1.0
518	668	4	1.0
518	807	4	1.0
518	882	4	1.0
519	681	4	1.0
519	818	4	1.0
519	835	4	1.0
520	326	4	1.0
520	804	4	1.0
520	992	4	1.0
521	329	4	1.0
521	649	4	1.0
521	856	4	1.0
522	650	4	1.0
522	903	4	1.0
522	958	4	1.0
523	611	4	1.0
523	786	4	1.0
523	863	4	1.0
524	697	4	1.0
524	943	4	1.0
524	971	4	1.0
525	289	4	1.0
525	482	4	1.0
525	976	4	1.0
526	684	4	1.0
526	956	4	1.0
526	985	4	1.0
527	616	4	1.0
527	761	4	1.0
527	865	4	1.0
528	504	4	1.0
528	545	4	1.0
528	672	4	1.0
529	768	4	1.0
529	821	4	1.0
529	963	4	1.0
530	790	4	1.0
530	795	4	1.0
530	851	4	1.0
531	5	4	1.0
531	671	4	1.0
531	708	4	1.0
532	616	4	1.0
532	865	4	1.0
532	968	4	1.0
533	532	4	1.0
533	616	4	1.0
533	937	4	1.0
534	623	4	1.0
534	843	4	1.0
534	981	4	1.0
535	713	4	1.0
535	778	4	1.0
535	869	4	1.0
536	51	4	1.0
536	651	4	1.0
536	786	4	1.0
537	858	4	1.0
537	898	4	1.0
537	929	4	1.0
538	601	4	1.0
538	636	4	1.0
538	754	4	1.0
539	568	4	1.0
539	713	4	1.0
539	852	4	1.0
540	753	4	1.0
540	884	4	1.0
540	926	4	1.0
541	667	4	1.0
541	668	4	1.0
541	799	4	1.0
542	637	4	1.0
542	671	4	1.0
542	843	4	1.0
543	708	4	1.0
543	831	4	1.0
543	849	4	1.0
544	357	4	1.0
544	523	4	1.0
544	709	4	1.0
545	528	4	1.0
545	672	4	1.0
545	770	4	1.0
546	622	4	1.0
546	975	4	1.0
546	993	4	1.0
547	715	4	1.0
547	906	4	1.0
547	942	4	1.0
548	522	4	1.0
548	833	4	1.0
548	834	4	1.0
549	522	4	1.0
549	692	4	1.0
549	834	4	1.0
550	790	4	1.0
550	795	4	1.0
550	851	4	1.0
551	684	4	1.0
551	863	4	1.0
551	956	4	1.0
552	553	4	1.0
552	803	4	1.0
552	844	4	1.0
553	212	4	1.0
553	803	4	1.0
553	857	4	1.0
554	500	4	1.0
554	832	4	1.0
554	924	4	1.0
555	503	4	1.0
555	656	4	1.0
555	989	4	1.0
556	611	4	1.0
556	819	4	1.0
556	983	4	1.0
557	528	4	1.0
557	558	4	1.0
557	672	4	1.0
558	516	4	1.0
558	672	4	1.0
558	770	4	1.0
559	709	4	1.0
559	750	4	1.0
559	779	4	1.0
560	659	4	1.0
560	742	4	1.0
560	918	4	1.0
561	482	4	1.0
561	585	4	1.0
561	804	4	1.0
562	583	4	1.0
562	596	4	1.0
562	917	4	1.0
563	5	4	1.0
563	849	4	1.0
563	900	4	1.0
564	675	4	1.0
564	693	4	1.0
564	829	4	1.0
565	703	4	1.0
565	778	4	1.0
565	990	4	1.0
566	5	4	1.0
566	18	4	1.0
566	643	4	1.0
567	5	4	1.0
567	813	4	1.0
567	814	4	1.0
568	717	4	1.0
568	852	4	1.0
568	869	4	1.0
569	772	4	1.0
569	876	4	1.0
569	920	4	1.0
570	582	4	1.0
570	854	4	1.0
570	891	4	1.0
571	522	4	1.0
571	692	4	1.0
571	834	4	1.0
572	255	4	1.0
572	721	4	1.0
572	815	4	1.0
573	515	4	1.0
573	517	4	1.0
573	837	4	1.0
574	537	4	1.0
574	671	4	1.0
574	761	4	1.0
575	677	4	1.0
575	746	4	1.0
575	963	4	1.0
576	785	4	1.0
576	790	4	1.0
576	795	4	1.0
577	516	4	1.0
577	758	4	1.0
577	957	4	1.0
578	773	4	1.0
578	836	4	1.0
578	937	4	1.0
579	297	4	1.0
579	814	4	1.0
579	871	4	1.0
580	126	4	1.0
580	146	4	1.0
580	954	4	1.0
581	680	4	1.0
581	687	4	1.0
581	874	4	1.0
582	570	4	1.0
582	854	4	1.0
582	891	4	1.0
583	770	4	1.0
583	913	4	1.0
583	917	4	1.0
584	233	4	1.0
584	610	4	1.0
584	786	4	1.0
585	51	4	1.0
585	804	4	1.0
585	992	4	1.0
586	660	4	1.0
586	728	4	1.0
586	896	4	1.0
587	634	4	1.0
587	906	4	1.0
587	942	4	1.0
588	774	4	1.0
588	830	4	1.0
588	969	4	1.0
589	802	4	1.0
589	907	4	1.0
589	942	4	1.0
590	686	4	1.0
590	789	4	1.0
590	800	4	1.0
591	550	4	1.0
591	604	4	1.0
591	795	4	1.0
592	599	4	1.0
592	718	4	1.0
592	803	4	1.0
593	625	4	1.0
593	826	4	1.0
593	933	4	1.0
594	509	4	1.0
594	812	4	1.0
594	959	4	1.0
595	566	4	1.0
595	935	4	1.0
595	984	4	1.0
596	562	4	1.0
596	774	4	1.0
596	917	4	1.0
597	545	4	1.0
597	558	4	1.0
597	770	4	1.0
598	647	4	1.0
598	747	4	1.0
598	984	4	1.0
599	553	4	1.0
599	592	4	1.0
599	803	4	1.0
600	722	4	1.0
600	926	4	1.0
600	950	4	1.0
601	538	4	1.0
601	754	4	1.0
601	909	4	1.0
602	796	4	1.0
602	865	4	1.0
602	952	4	1.0
603	605	4	1.0
603	710	4	1.0
603	813	4	1.0
604	550	4	1.0
604	591	4	1.0
604	795	4	1.0
605	666	4	1.0
605	708	4	1.0
605	710	4	1.0
606	596	4	1.0
606	772	4	1.0
606	786	4	1.0
607	666	4	1.0
607	710	4	1.0
607	726	4	1.0
608	605	4	1.0
608	666	4	1.0
608	710	4	1.0
609	48	4	1.0
609	648	4	1.0
609	673	4	1.0
610	761	4	1.0
610	786	4	1.0
610	867	4	1.0
611	556	4	1.0
611	819	4	1.0
611	983	4	1.0
612	813	4	1.0
612	972	4	1.0
612	994	4	1.0
613	713	4	1.0
613	778	4	1.0
613	869	4	1.0
614	617	4	1.0
614	771	4	1.0
614	967	4	1.0
615	512	4	1.0
615	560	4	1.0
615	918	4	1.0
616	532	4	1.0
616	764	4	1.0
616	865	4	1.0
617	614	4	1.0
617	771	4	1.0
617	967	4	1.0
618	678	4	1.0
618	804	4	1.0
618	863	4	1.0
619	720	4	1.0
619	911	4	1.0
619	974	4	1.0
620	749	4	1.0
620	798	4	1.0
620	860	4	1.0
621	691	4	1.0
621	742	4	1.0
621	918	4	1.0
622	16	4	1.0
622	546	4	1.0
622	993	4	1.0
623	534	4	1.0
623	843	4	1.0
623	981	4	1.0
624	662	4	1.0
624	846	4	1.0
624	956	4	1.0
625	593	4	1.0
625	792	4	1.0
625	826	4	1.0
626	713	4	1.0
626	852	4	1.0
626	869	4	1.0
627	620	4	1.0
627	749	4	1.0
627	798	4	1.0
628	749	4	1.0
628	836	4	1.0
628	968	4	1.0
629	650	4	1.0
629	692	4	1.0
629	834	4	1.0
630	794	4	1.0
630	904	4	1.0
630	929	4	1.0
631	578	4	1.0
631	633	4	1.0
631	773	4	1.0
632	745	4	1.0
632	772	4	1.0
632	874	4	1.0
633	631	4	1.0
633	773	4	1.0
633	813	4	1.0
634	715	4	1.0
634	906	4	1.0
634	942	4	1.0
635	583	4	1.0
635	597	4	1.0
635	770	4	1.0
636	881	4	1.0
636	939	4	1.0
636	983	4	1.0
637	542	4	1.0
637	671	4	1.0
637	843	4	1.0
638	550	4	1.0
638	790	4	1.0
638	870	4	1.0
639	5	4	1.0
639	664	4	1.0
639	984	4	1.0
640	624	4	1.0
640	663	4	1.0
640	908	4	1.0
641	603	4	1.0
641	813	4	1.0
641	814	4	1.0
642	751	4	1.0
642	836	4	1.0
642	937	4	1.0
643	18	4	1.0
643	810	4	1.0
643	825	4	1.0
644	785	4	1.0
644	790	4	1.0
644	795	4	1.0
645	262	4	1.0
645	862	4	1.0
645	957	4	1.0
646	14	4	1.0
646	639	4	1.0
646	940	4	1.0
647	507	4	1.0
647	598	4	1.0
647	900	4	1.0
648	252	4	1.0
648	673	4	1.0
648	782	4	1.0
649	0	4	1.0
649	521	4	1.0
649	856	4	1.0
650	522	4	1.0
650	903	4	1.0
650	958	4	1.0
651	357	4	1.0
651	850	4	1.0
651	983	4	1.0
652	796	4	1.0
652	865	4	1.0
652	914	4	1.0
653	556	4	1.0
653	611	4	1.0
653	819	4	1.0
654	460	4	1.0
654	472	4	1.0
654	517	4	1.0
655	555	4	1.0
655	656	4	1.0
655	989	4	1.0
656	503	4	1.0
656	555	4	1.0
656	655	4	1.0
657	632	4	1.0
657	681	4	1.0
657	794	4	1.0
658	564	4	1.0
658	693	4	1.0
658	732	4	1.0
659	560	4	1.0
659	742	4	1.0
659	918	4	1.0
660	661	4	1.0
660	728	4	1.0
660	896	4	1.0
661	660	4	1.0
661	728	4	1.0
661	896	4	1.0
662	528	4	1.0
662	624	4	1.0
662	985	4	1.0
663	624	4	1.0
663	640	4	1.0
663	953	4	1.0
664	5	4	1.0
664	935	4	1.0
664	984	4	1.0
665	785	4	1.0
665	795	4	1.0
665	879	4	1.0
666	605	4	1.0
666	710	4	1.0
666	831	4	1.0
667	453	4	1.0
667	541	4	1.0
667	909	4	1.0
668	518	4	1.0
668	807	4	1.0
668	882	4	1.0
669	509	4	1.0
669	766	4	1.0
669	912	4	1.0
670	666	4	1.0
670	708	4	1.0
670	831	4	1.0
671	666	4	1.0
671	708	4	1.0
671	710	4	1.0
672	558	4	1.0
672	596	4	1.0
672	709	4	1.0
673	5	4	1.0
673	329	4	1.0
673	813	4	1.0
674	680	4	1.0
674	699	4	1.0
674	801	4	1.0
675	564	4	1.0
675	693	4	1.0
675	829	4	1.0
676	5	4	1.0
676	671	4	1.0
676	831	4	1.0
677	575	4	1.0
677	746	4	1.0
677	963	4	1.0
678	618	4	1.0
678	684	4	1.0
678	980	4	1.0
679	563	4	1.0
679	813	4	1.0
679	849	4	1.0
680	674	4	1.0
680	699	4	1.0
680	801	4	1.0
681	657	4	1.0
681	794	4	1.0
681	818	4	1.0
682	610	4	1.0
682	867	4	1.0
682	915	4	1.0
683	620	4	1.0
683	627	4	1.0
683	860	4	1.0
684	526	4	1.0
684	662	4	1.0
684	956	4	1.0
685	596	4	1.0
685	674	4	1.0
685	952	4	1.0
686	590	4	1.0
686	789	4	1.0
686	800	4	1.0
687	581	4	1.0
687	674	4	1.0
687	838	4	1.0
688	190	4	1.0
688	439	4	1.0
688	671	4	1.0
689	715	4	1.0
689	907	4	1.0
689	942	4	1.0
690	686	4	1.0
690	698	4	1.0
690	789	4	1.0
691	560	4	1.0
691	742	4	1.0
691	918	4	1.0
692	510	4	1.0
692	759	4	1.0
692	966	4	1.0
693	564	4	1.0
693	675	4	1.0
693	829	4	1.0
694	157	4	1.0
694	255	4	1.0
694	988	4	1.0
695	790	4	1.0
695	795	4	1.0
695	851	4	1.0
696	369	4	1.0
696	499	4	1.0
696	750	4	1.0
697	526	4	1.0
697	944	4	1.0
697	953	4	1.0
698	686	4	1.0
698	690	4	1.0
698	789	4	1.0
699	674	4	1.0
699	680	4	1.0
699	801	4	1.0
700	507	4	1.0
700	747	4	1.0
700	886	4	1.0
701	790	4	1.0
701	795	4	1.0
701	851	4	1.0
702	633	4	1.0
702	773	4	1.0
702	983	4	1.0
703	539	4	1.0
703	883	4	1.0
703	990	4	1.0
704	620	4	1.0
704	627	4	1.0
704	962	4	1.0
705	620	4	1.0
705	627	4	1.0
705	860	4	1.0
706	5	4	1.0
706	710	4	1.0
706	813	4	1.0
707	793	4	1.0
707	798	4	1.0
707	875	4	1.0
708	605	4	1.0
708	666	4	1.0
708	831	4	1.0
709	558	4	1.0
709	597	4	1.0
709	770	4	1.0
710	605	4	1.0
710	666	4	1.0
710	831	4	1.0
711	51	4	1.0
711	356	4	1.0
711	556	4	1.0
712	453	4	1.0
712	721	4	1.0
712	815	4	1.0
713	535	4	1.0
713	778	4	1.0
713	869	4	1.0
714	8	4	1.0
714	517	4	1.0
714	930	4	1.0
715	689	4	1.0
715	907	4	1.0
715	942	4	1.0
716	610	4	1.0
716	761	4	1.0
716	830	4	1.0
717	568	4	1.0
717	852	4	1.0
717	869	4	1.0
718	592	4	1.0
718	803	4	1.0
718	844	4	1.0
719	566	4	1.0
719	643	4	1.0
719	842	4	1.0
720	469	4	1.0
720	544	4	1.0
720	985	4	1.0
721	376	4	1.0
721	712	4	1.0
721	815	4	1.0
722	600	4	1.0
722	737	4	1.0
722	791	4	1.0
723	187	4	1.0
723	553	4	1.0
723	803	4	1.0
724	329	4	1.0
724	507	4	1.0
724	708	4	1.0
725	570	4	1.0
725	582	4	1.0
725	864	4	1.0
726	607	4	1.0
726	666	4	1.0
726	710	4	1.0
727	813	4	1.0
727	959	4	1.0
727	961	4	1.0
728	586	4	1.0
728	660	4	1.0
728	896	4	1.0
729	522	4	1.0
729	548	4	1.0
729	834	4	1.0
730	8	4	1.0
730	517	4	1.0
730	804	4	1.0
731	735	4	1.0
731	865	4	1.0
731	952	4	1.0
732	658	4	1.0
732	675	4	1.0
732	945	4	1.0
733	521	4	1.0
733	724	4	1.0
733	856	4	1.0
734	326	4	1.0
734	611	4	1.0
734	850	4	1.0
735	858	4	1.0
735	865	4	1.0
735	952	4	1.0
736	211	4	1.0
736	739	4	1.0
736	820	4	1.0
737	540	4	1.0
737	926	4	1.0
737	950	4	1.0
738	12	4	1.0
738	260	4	1.0
738	940	4	1.0
739	611	4	1.0
739	736	4	1.0
739	820	4	1.0
740	585	4	1.0
740	804	4	1.0
740	992	4	1.0
741	18	4	1.0
741	827	4	1.0
741	832	4	1.0
742	560	4	1.0
742	691	4	1.0
742	918	4	1.0
743	523	4	1.0
743	804	4	1.0
743	863	4	1.0
744	671	4	1.0
744	813	4	1.0
744	961	4	1.0
745	632	4	1.0
745	774	4	1.0
745	874	4	1.0
746	529	4	1.0
746	677	4	1.0
746	821	4	1.0
747	507	4	1.0
747	832	4	1.0
747	886	4	1.0
748	376	4	1.0
748	453	4	1.0
748	631	4	1.0
749	620	4	1.0
749	798	4	1.0
749	860	4	1.0
750	515	4	1.0
750	516	4	1.0
750	770	4	1.0
751	904	4	1.0
751	920	4	1.0
751	968	4	1.0
752	634	4	1.0
752	906	4	1.0
752	942	4	1.0
753	540	4	1.0
753	884	4	1.0
753	926	4	1.0
754	538	4	1.0
754	601	4	1.0
754	909	4	1.0
755	299	4	1.0
755	366	4	1.0
755	444	4	1.0
756	18	4	1.0
756	598	4	1.0
756	747	4	1.0
757	790	4	1.0
757	851	4	1.0
757	880	4	1.0
758	583	4	1.0
758	672	4	1.0
758	917	4	1.0
759	510	4	1.0
759	692	4	1.0
759	966	4	1.0
760	790	4	1.0
760	795	4	1.0
760	851	4	1.0
761	610	4	1.0
761	786	4	1.0
761	974	4	1.0
762	786	4	1.0
762	881	4	1.0
762	939	4	1.0
763	593	4	1.0
763	625	4	1.0
763	826	4	1.0
764	683	4	1.0
764	920	4	1.0
764	987	4	1.0
765	674	4	1.0
765	860	4	1.0
765	929	4	1.0
766	811	4	1.0
766	813	4	1.0
766	814	4	1.0
767	700	4	1.0
767	747	4	1.0
767	827	4	1.0
768	746	4	1.0
768	821	4	1.0
768	963	4	1.0
769	776	4	1.0
769	859	4	1.0
769	977	4	1.0
770	558	4	1.0
770	597	4	1.0
770	709	4	1.0
771	614	4	1.0
771	967	4	1.0
771	971	4	1.0
772	774	4	1.0
772	874	4	1.0
772	915	4	1.0
773	578	4	1.0
773	633	4	1.0
773	813	4	1.0
774	772	4	1.0
774	874	4	1.0
774	915	4	1.0
775	550	4	1.0
775	790	4	1.0
775	795	4	1.0
776	608	4	1.0
776	845	4	1.0
776	949	4	1.0
777	634	4	1.0
777	906	4	1.0
777	942	4	1.0
778	613	4	1.0
778	713	4	1.0
778	869	4	1.0
779	672	4	1.0
779	750	4	1.0
779	913	4	1.0
780	632	4	1.0
780	745	4	1.0
780	818	4	1.0
781	772	4	1.0
781	774	4	1.0
781	786	4	1.0
782	710	4	1.0
782	813	4	1.0
782	814	4	1.0
783	798	4	1.0
783	801	4	1.0
783	920	4	1.0
784	225	4	1.0
784	357	4	1.0
784	523	4	1.0
785	665	4	1.0
785	795	4	1.0
785	879	4	1.0
786	772	4	1.0
786	774	4	1.0
786	874	4	1.0
787	683	4	1.0
787	704	4	1.0
787	962	4	1.0
788	523	4	1.0
788	863	4	1.0
788	932	4	1.0
789	686	4	1.0
789	690	4	1.0
789	698	4	1.0
790	550	4	1.0
790	795	4	1.0
790	851	4	1.0
791	540	4	1.0
791	737	4	1.0
791	926	4	1.0
792	593	4	1.0
792	625	4	1.0
792	826	4	1.0
793	683	4	1.0
793	707	4	1.0
793	904	4	1.0
794	657	4	1.0
794	798	4	1.0
794	801	4	1.0
795	550	4	1.0
795	870	4	1.0
795	919	4	1.0
796	735	4	1.0
796	801	4	1.0
796	865	4	1.0
797	1	4	1.0
797	81	4	1.0
797	309	4	1.0
798	620	4	1.0
798	749	4	1.0
798	860	4	1.0
799	582	4	1.0
799	828	4	1.0
799	878	4	1.0
800	690	4	1.0
800	698	4	1.0
800	789	4	1.0
801	674	4	1.0
801	680	4	1.0
801	699	4	1.0
802	589	4	1.0
802	907	4	1.0
802	942	4	1.0
803	552	4	1.0
803	592	4	1.0
803	718	4	1.0
804	850	4	1.0
804	930	4	1.0
804	992	4	1.0
805	560	4	1.0
805	691	4	1.0
805	840	4	1.0
806	507	4	1.0
806	747	4	1.0
806	924	4	1.0
807	882	4	1.0
807	903	4	1.0
807	958	4	1.0
808	398	4	1.0
808	416	4	1.0
808	619	4	1.0
809	578	4	1.0
809	633	4	1.0
809	773	4	1.0
810	643	4	1.0
810	825	4	1.0
810	984	4	1.0
811	5	4	1.0
811	299	4	1.0
811	814	4	1.0
812	507	4	1.0
812	832	4	1.0
812	959	4	1.0
813	605	4	1.0
813	727	4	1.0
813	814	4	1.0
814	708	4	1.0
814	811	4	1.0
814	813	4	1.0
815	712	4	1.0
815	721	4	1.0
815	936	4	1.0
816	617	4	1.0
816	771	4	1.0
816	967	4	1.0
817	620	4	1.0
817	749	4	1.0
817	798	4	1.0
818	798	4	1.0
818	801	4	1.0
818	920	4	1.0
819	611	4	1.0
819	983	4	1.0
819	995	4	1.0
820	611	4	1.0
820	736	4	1.0
820	739	4	1.0
821	746	4	1.0
821	768	4	1.0
821	963	4	1.0
822	478	4	1.0
822	666	4	1.0
822	814	4	1.0
823	484	4	1.0
823	671	4	1.0
823	765	4	1.0
824	785	4	1.0
824	790	4	1.0
824	795	4	1.0
825	18	4	1.0
825	643	4	1.0
825	810	4	1.0
826	593	4	1.0
826	625	4	1.0
826	792	4	1.0
827	747	4	1.0
827	812	4	1.0
827	832	4	1.0
828	453	4	1.0
828	721	4	1.0
828	909	4	1.0
829	564	4	1.0
829	675	4	1.0
829	693	4	1.0
830	513	4	1.0
830	588	4	1.0
830	969	4	1.0
831	670	4	1.0
831	708	4	1.0
831	710	4	1.0
832	507	4	1.0
832	747	4	1.0
832	959	4	1.0
833	522	4	1.0
833	650	4	1.0
833	958	4	1.0
834	522	4	1.0
834	548	4	1.0
834	833	4	1.0
835	519	4	1.0
835	794	4	1.0
835	818	4	1.0
836	817	4	1.0
836	875	4	1.0
836	929	4	1.0
837	435	4	1.0
837	544	4	1.0
837	874	4	1.0
838	581	4	1.0
838	699	4	1.0
838	798	4	1.0
839	776	4	1.0
839	859	4	1.0
839	977	4	1.0
840	560	4	1.0
840	691	4	1.0
840	805	4	1.0
841	666	4	1.0
841	814	4	1.0
841	831	4	1.0
842	566	4	1.0
842	719	4	1.0
842	825	4	1.0
843	542	4	1.0
843	637	4	1.0
843	671	4	1.0
844	552	4	1.0
844	553	4	1.0
844	718	4	1.0
845	507	4	1.0
845	747	4	1.0
845	813	4	1.0
846	610	4	1.0
846	761	4	1.0
846	985	4	1.0
847	26	4	1.0
847	386	4	1.0
847	811	4	1.0
848	664	4	1.0
848	935	4	1.0
848	984	4	1.0
849	543	4	1.0
849	666	4	1.0
849	708	4	1.0
850	37	4	1.0
850	556	4	1.0
850	734	4	1.0
851	695	4	1.0
851	790	4	1.0
851	795	4	1.0
852	539	4	1.0
852	613	4	1.0
852	869	4	1.0
853	819	4	1.0
853	889	4	1.0
853	995	4	1.0
854	570	4	1.0
854	582	4	1.0
854	891	4	1.0
855	876	4	1.0
855	929	4	1.0
855	974	4	1.0
856	18	4	1.0
856	299	4	1.0
856	848	4	1.0
857	212	4	1.0
857	540	4	1.0
857	660	4	1.0
858	674	4	1.0
858	801	4	1.0
858	865	4	1.0
859	18	4	1.0
859	747	4	1.0
859	977	4	1.0
860	620	4	1.0
860	749	4	1.0
860	798	4	1.0
861	515	4	1.0
861	750	4	1.0
861	917	4	1.0
862	369	4	1.0
862	645	4	1.0
862	957	4	1.0
863	425	4	1.0
863	523	4	1.0
863	804	4	1.0
864	570	4	1.0
864	725	4	1.0
864	854	4	1.0
865	735	4	1.0
865	858	4	1.0
865	952	4	1.0
866	748	4	1.0
866	773	4	1.0
866	809	4	1.0
867	610	4	1.0
867	761	4	1.0
867	786	4	1.0
868	761	4	1.0
868	842	4	1.0
868	975	4	1.0
869	613	4	1.0
869	713	4	1.0
869	778	4	1.0
870	550	4	1.0
870	795	4	1.0
870	919	4	1.0
871	170	4	1.0
871	814	4	1.0
871	961	4	1.0
872	647	4	1.0
872	842	4	1.0
872	984	4	1.0
873	243	4	1.0
873	309	4	1.0
873	506	4	1.0
874	772	4	1.0
874	774	4	1.0
874	786	4	1.0
875	798	4	1.0
875	836	4	1.0
875	929	4	1.0
876	680	4	1.0
876	745	4	1.0
876	874	4	1.0
877	495	4	1.0
877	544	4	1.0
877	744	4	1.0
878	741	4	1.0
878	902	4	1.0
878	996	4	1.0
879	665	4	1.0
879	785	4	1.0
879	795	4	1.0
880	757	4	1.0
880	790	4	1.0
880	851	4	1.0
881	874	4	1.0
881	939	4	1.0
881	991	4	1.0
882	807	4	1.0
882	903	4	1.0
882	958	4	1.0
883	539	4	1.0
883	703	4	1.0
883	990	4	1.0
884	540	4	1.0
884	753	4	1.0
884	926	4	1.0
885	526	4	1.0
885	624	4	1.0
885	685	4	1.0
886	507	4	1.0
886	747	4	1.0
886	832	4	1.0
887	522	4	1.0
887	833	4	1.0
887	834	4	1.0
888	183	4	1.0
888	685	4	1.0
888	970	4	1.0
889	819	4	1.0
889	853	4	1.0
889	995	4	1.0
890	507	4	1.0
890	700	4	1.0
890	747	4	1.0
891	507	4	1.0
891	582	4	1.0
891	647	4	1.0
892	226	4	1.0
892	527	4	1.0
892	681	4	1.0
893	554	4	1.0
893	902	4	1.0
893	924	4	1.0
894	603	4	1.0
894	666	4	1.0
894	710	4	1.0
895	522	4	1.0
895	650	4	1.0
895	958	4	1.0
896	660	4	1.0
896	661	4	1.0
896	728	4	1.0
897	680	4	1.0
897	714	4	1.0
897	828	4	1.0
898	537	4	1.0
898	569	4	1.0
898	764	4	1.0
899	522	4	1.0
899	650	4	1.0
899	958	4	1.0
900	603	4	1.0
900	605	4	1.0
900	894	4	1.0
901	583	4	1.0
901	874	4	1.0
901	917	4	1.0
902	747	4	1.0
902	832	4	1.0
902	996	4	1.0
903	522	4	1.0
903	650	4	1.0
903	958	4	1.0
904	707	4	1.0
904	798	4	1.0
904	920	4	1.0
905	40	4	1.0
905	922	4	1.0
905	943	4	1.0
906	547	4	1.0
906	715	4	1.0
906	942	4	1.0
907	689	4	1.0
907	715	4	1.0
907	942	4	1.0
908	943	4	1.0
908	944	4	1.0
908	947	4	1.0
909	157	4	1.0
909	376	4	1.0
909	453	4	1.0
910	550	4	1.0
910	795	4	1.0
910	870	4	1.0
911	762	4	1.0
911	939	4	1.0
911	983	4	1.0
912	5	4	1.0
912	813	4	1.0
912	814	4	1.0
913	583	4	1.0
913	596	4	1.0
913	917	4	1.0
914	735	4	1.0
914	749	4	1.0
914	929	4	1.0
915	772	4	1.0
915	774	4	1.0
915	874	4	1.0
916	665	4	1.0
916	824	4	1.0
916	910	4	1.0
917	504	4	1.0
917	562	4	1.0
917	583	4	1.0
918	560	4	1.0
918	659	4	1.0
918	742	4	1.0
919	550	4	1.0
919	795	4	1.0
919	870	4	1.0
920	620	4	1.0
920	674	4	1.0
920	937	4	1.0
921	511	4	1.0
921	583	4	1.0
921	770	4	1.0
922	606	4	1.0
922	672	4	1.0
922	913	4	1.0
923	288	4	1.0
923	332	4	1.0
923	730	4	1.0
924	507	4	1.0
924	747	4	1.0
924	832	4	1.0
925	527	4	1.0
925	610	4	1.0
925	682	4	1.0
926	753	4	1.0
926	791	4	1.0
926	950	4	1.0
927	166	4	1.0
927	523	4	1.0
927	813	4	1.0
928	18	4	1.0
928	32	4	1.0
928	38	4	1.0
929	620	4	1.0
929	749	4	1.0
929	798	4	1.0
930	672	4	1.0
930	804	4	1.0
930	850	4	1.0
931	616	4	1.0
931	801	4	1.0
931	920	4	1.0
932	712	4	1.0
932	743	4	1.0
932	788	4	1.0
933	593	4	1.0
933	792	4	1.0
933	826	4	1.0
934	920	4	1.0
934	937	4	1.0
934	987	4	1.0
935	664	4	1.0
935	810	4	1.0
935	984	4	1.0
936	376	4	1.0
936	815	4	1.0
936	988	4	1.0
937	680	4	1.0
937	749	4	1.0
937	920	4	1.0
938	613	4	1.0
938	713	4	1.0
938	869	4	1.0
939	762	4	1.0
939	881	4	1.0
939	991	4	1.0
940	595	4	1.0
940	646	4	1.0
940	935	4	1.0
941	558	4	1.0
941	640	4	1.0
941	908	4	1.0
942	634	4	1.0
942	715	4	1.0
942	906	4	1.0
943	685	4	1.0
943	908	4	1.0
943	947	4	1.0
944	526	4	1.0
944	697	4	1.0
944	953	4	1.0
945	675	4	1.0
945	693	4	1.0
945	732	4	1.0
946	769	4	1.0
946	859	4	1.0
946	949	4	1.0
947	526	4	1.0
947	684	4	1.0
947	943	4	1.0
948	166	4	1.0
948	632	4	1.0
948	982	4	1.0
949	500	4	1.0
949	776	4	1.0
949	946	4	1.0
950	753	4	1.0
950	791	4	1.0
950	926	4	1.0
951	5	4	1.0
951	299	4	1.0
951	811	4	1.0
952	735	4	1.0
952	858	4	1.0
952	865	4	1.0
953	526	4	1.0
953	697	4	1.0
953	944	4	1.0
954	199	4	1.0
954	494	4	1.0
954	580	4	1.0
955	507	4	1.0
955	747	4	1.0
955	832	4	1.0
956	526	4	1.0
956	850	4	1.0
956	901	4	1.0
957	528	4	1.0
957	545	4	1.0
957	577	4	1.0
958	522	4	1.0
958	650	4	1.0
958	903	4	1.0
959	708	4	1.0
959	710	4	1.0
959	831	4	1.0
960	537	4	1.0
960	574	4	1.0
960	898	4	1.0
961	708	4	1.0
961	727	4	1.0
961	813	4	1.0
962	620	4	1.0
962	627	4	1.0
962	860	4	1.0
963	746	4	1.0
963	768	4	1.0
963	821	4	1.0
964	568	4	1.0
964	713	4	1.0
964	717	4	1.0
965	297	4	1.0
965	871	4	1.0
965	961	4	1.0
966	510	4	1.0
966	692	4	1.0
966	759	4	1.0
967	614	4	1.0
967	617	4	1.0
967	971	4	1.0
968	532	4	1.0
968	616	4	1.0
968	751	4	1.0
969	588	4	1.0
969	830	4	1.0
969	986	4	1.0
970	685	4	1.0
970	712	4	1.0
970	888	4	1.0
971	771	4	1.0
971	936	4	1.0
971	988	4	1.0
972	813	4	1.0
972	814	4	1.0
972	994	4	1.0
973	560	4	1.0
973	615	4	1.0
973	918	4	1.0
974	581	4	1.0
974	761	4	1.0
974	786	4	1.0
975	616	4	1.0
975	842	4	1.0
975	868	4	1.0
976	499	4	1.0
976	525	4	1.0
976	573	4	1.0
977	685	4	1.0
977	859	4	1.0
977	888	4	1.0
978	545	4	1.0
978	562	4	1.0
978	596	4	1.0
979	5	4	1.0
979	174	4	1.0
979	299	4	1.0
980	611	4	1.0
980	618	4	1.0
980	678	4	1.0
981	39	4	1.0
981	397	4	1.0
981	523	4	1.0
982	517	4	1.0
982	562	4	1.0
982	874	4	1.0
983	556	4	1.0
983	611	4	1.0
983	819	4	1.0
984	664	4	1.0
984	848	4	1.0
984	935	4	1.0
985	596	4	1.0
985	772	4	1.0
985	917	4	1.0
986	513	4	1.0
986	527	4	1.0
986	969	4	1.0
987	683	4	1.0
987	764	4	1.0
987	920	4	1.0
988	453	4	1.0
988	909	4	1.0
988	936	4	1.0
989	503	4	1.0
989	555	4	1.0
989	792	4	1.0
990	539	4	1.0
990	703	4	1.0
990	883	4	1.0
991	558	4	1.0
991	881	4	1.0
991	939	4	1.0
992	51	4	1.0
992	326	4	1.0
992	804	4	1.0
993	223	4	1.0
993	546	4	1.0
993	622	4	1.0
994	813	4	1.0
994	831	4	1.0
994	972	4	1.0
995	819	4	1.0
995	853	4	1.0
995	889	4	1.0
996	832	4	1.0
996	878	4	1.0
996	902	4	1.0
997	522	4	1.0
997	650	4	1.0
997	958	4	1.0
998	630	4	1.0
998	818	4	1.0
998	835	4	1.0
999	522	4	1.0
999	833	4	1.0
999	834	4	1.0
